height = x ^ 2
flag = (0.000000, 0.000000)
start = (-10000.000000, 0.000000)
friction = 0.000000
vmax = 20.000000
tol = 1.000000
